0111010100 11111101. ’ 101

81810111 1111017. 8100103100, vid. Proserpina.
8111111111110100 mire 0130110000 10 -18011100101010000011100,418

01101100110001011000000111, 41. 0101 11110, 18.
8111101 11110001 1100110 100111 3101111001 -0.1.0010111,41,9.

11ρί0011, 18. 810τί001101,1000100 quindecim miui8
8100111 01111101, 40 81. 111 ’1110010 10,09.111101101011010.
80001100 800001111001,8,10. Μ11110010101,Ε1111.87.
11000010101110101010110111οΉ1008 810011001ιο0111101001101,1,11.
8100113011000111101101,07,10. 81011110 0010001110 0111100 1010011100,
8100111011,41,17. quod lapidibus 01111101,1,01.011.
8100100001, 81. 8, 11. 11101001οἰ110.
31011111,1, 18. 8101001001101110100001011110101011-
810110 0011100110111001110000011,44, ·1010,111,00.1

41. -1 1100111001 horrendo 11111 0011-
81001οο1οι publici, 88, 88. 41, 88 batum, ιο, 88. 8888.
81011001οΡ 01011 Νι1011, 1, 10. -11101101111100 Eretria 81011111·
-101111 1011 insignibus, 0001100011- 111101111111111, 81,88.

00110 011111 00001101, 1, 89. 31011300101111, 1, 11.

·- quum 01111οὶ1101 1001101 10111001, -11011101, 1110.

001100 01011 1110300101, 10, 0-8. - emorita Herculi 11100010 10011,
- 8888 11011101 juvenen 101 100101000- 1, 0. 01 7.

101, 19, 88. - 0310111111 01111000, 01 1001101000
-001011 1110000100 0110 10 bellum, 10110, 1011.

88, 41. -01101011101010101111,18,1.89,16,. “
-1111001000 11110111 1000000010 8111111κο111 1301,80,11.

0110010011010 0111100101, 81, 17. 8131111111, 17, 88.

1-1111110100101 0010 1011301101 1011 -1111101,87,40.

01111101 1111110 prodeunt 81, 14. -0101011101, 41, 81. 48,8
-011001111 0110110011 jubentur Phi· -0001101, 87, 88.

11110110,11110101ου,1030000110,81, 81310101,1,14.80,41.

44. - ς130111101001010110011111 1100111 101011
-Τιτιι1110100101, 11011101 1100011101 11030111 1111101110 000101 1100101,

0113011101ᾳο0 1111011111, Romanum 01-80,17.

11110 1011101 7, 17. 8130100 gregale, 7, 84
-Βιωῄωιϋαη mpuhenduntur, 813ὤο11111110001011111,97,19.

88, 14. 8131010001 0111111 0111 10, 80

8100000100 01111001, 1100111111, 8130010000011,11.

88. 81300100, 0111111 0111110οὼ101 01111
8101100010010010,4,18.14,. Iberum, 81, 7. 0000301101, 01 01110
8101100010 10000101 1001010100001, 010100101000111. 10101011-

0, 10. et 48. 10, 8. 04 10010101, 0, 0.100100000000010130000001101001,

10,11. 0011010000 1000111111 plerique 111001-
81011100010010001 011101 01100101 8818· 011101,14.0111100111110100111081.

0000010100111,1. 311011,11,11.81.3001010 recipitur)
8101111101,11”0 Ι.01.11001011,0100110111101 1011111111 10111

81000010010000111000110011 00110- 1011100141. 01011 88, 89.
11011,11.101001101,11,1 110101101111011111,

81000011 1101010, 1. 0103110180010 10111001,110011000
- 01111001 0110010101011 Roma 0111- 10011Ιο10 000010 perniciem colunt,
11111101 1111111 11010, 88, 17. 7. 001110 1001111010υο 0001110111, 11.
10000000100011103100 8 01110011 10311180001100100110 100110010-
1101001,17,87.11000000101,18, 89. comm 011110,
..0010001110,04, 40, 010. Novem· 1101 3111111 13001 1001101, 1110. 888
11111. . 81300000001031110,80,11.
·-· 1111110 0001111011 01001301 010118111110000001 1111111100 1000100 1111-
110011 01ὢο00,000011011 8111100- 11111, 1, 9.
0101,40,4.8111100001010100 88888818 000 Maee-
810118001101111010000110001100 88 000110000011001,41, 19.

0100101, 11,1. 8818 1010010 011 ρ1011111001011110000101,
0101100111 m, 01011οι. 1110.
8101100101 010001 10 Εο011111 888- 11111111,14,80.1147.11101101111101110

00110111010111,88,101ἐο(11οἓ010100100,10,8817,1.

 

