HISTORIARUM unitos,

3011113333. eum papinum nnc. 33, 11. 33, 27. 41, aa.
022 13111311 nit 1113131, ibid. 1331 1111133 Μ33111,00,10.00,,01.
333111 3333311, 11. 3131311113 11311131 η- Μ3133111, 2, 01. 07.
3133313311 debean-echinata, 10. -- 11133113, 00, 00.

1101131131, 3311131, 0, 10. 33313131 - Moneta, 4, 7. 00. 6, 00. 00, 00.
equitum, 01111. -Opit, 00, 00.

Τ. AEbutinr 031113, triumvir cnlonin - Quirini, 4,01. 0, 00. 10,40. 00, 11.
(1311313313,00,07.ρ113131,41,0. de - 03111113, 11, 40. 10, 1. 00,11, ’
1111113113 03101313 senatui scribit, 10. - sunni, 00, 1.
333331νί11333 3131333113, 43, 4. -,- Saturni, 2, 31. 33, 1. 41,33. 3133.

ln, 111133 Appniururn, oppugnutae, - Spei, 21, 00. 00, 7. 40, 01.

04, 00. ’ -81131111331,00, 29.

minumupii Curthngine, 41, 07. -13113113, 0, 41.

- Arba, cipue, 33, 3. 43, 43. -μ veneris, 10, 31. 33, 37. 41, 33.
- Apollinis, 0, 00. 4, 00. 7, 00. 07, - Venerin Erycinae, 22, 10. 00, 01.
37. 34, 43. 37, 33. 33, 441, 31. 3ο, 33. 43, 34.
delion, 3331. 33,3. 33, 33. 31, - 11333,33,37.33,11.
47. 33, 3141, 13. - werona, 13, 33. 33, 14.
·- 03313113, 3, 31. 43. 3, 11. - Virtutis, 37, 33. 33,11.
-031333, 3, 33. 13, 11. 41, 33. - 0313331, 33, 33.
-013331313, 3, 40. 10033 cmii publice 11113133, 0, 41113111
- concordi v, 9, 43. 33, 33. 33, 33. sp. 113111, 4, 13. et vitruvii, 3, 20.
-neomm 9333111131,40,10. 1110133131713131113 Virginis, 00, 0.
·- θ13313,00,0. 00111133 plebei, 0, 6. AEdilibuu qui 113-
- 113331, 00, 40. 04, 00. 13311331, 3131 caput 1311 3331333011.
’-11”313313,00,00. 133313333333113 in 303111 Cereri· 30
-Ρο11333, 00, 10. 00, 7. 07, 11. 00. 333 deferri 13133131, ibid. 333 iesu
00, 07. 40, 10. 1133331113133 13 31 1331333 13 publi,
-131111 0311113133, 10, 46. 07, 11. 33 proposnirse, 3331 qni scribunt, 07.
- Fortun: 1133331113, 40, 40. 40, 0. iis negotium 1131311, 3133133013113-

-11111333 1113ιί33313, 00, 06. 04, 1331113331, 3131033331, Dii 3313·

00. 40, 10. rentur, 4, 00. 13313313311111133313113·
- Heroniis, 01, 00. 00, 1. 0. 00, 00. ion, 00, 10. 3111. nun. 11111113 plebei

- 1131311113 rotunda, 10, 00. 3333 333 potest, eninr puter, qni 33, .

-11333113, 07, 00. 13111311333113111, 11111,07,01.00,10,
-73113011313, 04, 44. care, 07, Β1111333103111131,31133313133,0,40.
00. cumin, 11111. 1111311300, 1. 7,1.μ11331111133131111113133331333
1311311100, 9. 1113131311, 07, 00. furiunt, 04, 40. 1331331331131133113-
00,07. Ostia, 00, 1. Sutrini, 29, 1331133,07,0,.00,10.

11. Τ3113311131, 00, 11.,40, 40. Aturia 1111113 13111331 sumserint 131131-
-13113113131,00,0. 333111,0,40.

-31311103131131131, 1, 00. 0, 0. 4, 00. - 1113331 plerisque diem, qniu pius,
07, 4. 00, 1. 00, 41. 41,00. 3100. qnutn inge 11311313 3131, agri poenino·
-Jovu Feretrii, 1, 10. 00. 4, 00. 1331, 10, 10. diem 1113331 pecuariis,
-13313 0333100131, 7, 3. 33, 33. 33, 43. 33, 13.

- 03311 Statorio, 1, 10. 07, 07. AEdilen incusantur 311 3333133331 nun
-Jovin Vicilini, 04, 44. prohiberent 113133 11133 urinandi
-1111131113, 0, 01. 10, 2. 01, 00. precandique 11331, 00, 1.
-3333313333313,33, 43. 43, 2. 3. nutritii scribe 331131333333,
-1111133131133313, 7,00. 40,7. 101111ῐαί3033 133133 omnen 1313 urbe
-Jnnonir 1131133,07,07.00, 2. 3331113 jubentur, 00, 17. ' ’
ς-ι1333311 Sospite, 9, 14. 00, 00. AEdni,p0p. 611113,0,04.11ρί1.01.104.
04, 00. AEgaeum 111313, 44, 00, 09. ’
- 1313311113, 00, 100. 1013133, insule, 01, 10. 49. 00, 04. 00,
-1311300311331131111,43, 33. 13. 3ο, 33. “ “
- lineri 31 Libone, 0, 00. 41 , 00. 1113311333, urbs, opprimitur 30 Atinio,
-0103113313,34,13.3331.113113. 31,,34.

·- 1.31131,40,0. AEglmnrnp, 1331113, 00, 07. 313313 Cur·
- 0131113, 0, 0. 7, 00. 10, 00. 07,00. virginiam 31331111, 00, 04.
’,00100 33. 131113,1333337,33.33.33,3.1.31,
-313310 Magne, 29, 37. 33, 33. 14. 33, 33. 33, 43.
-3131311131313,3,13. 7,37.31,7. naucum, 44, 43. 43, 27!

13

 

