mur-hw-*ff

288* ’ INDEX IN T. LIVII

71113001010 04011111, '88, 10. ’ 10 1411101011 4111103404, 88, 8. euti-¹
11130040101001411401 144041, 00, 88. 314 0110101410 vaniloquentia, 04,
00, 40. 04. 00001114 Quintio 00011111 01110 10·’.
11130041414111010 0100010004 14110. 00001111004111041010111,040301401114

00,11’. , 0111014.

1113004110110010 11110401400, 8. Arirto, 404014143100104, 04. 1 ,
0130044110 10 11100 140101, 8, 40. 88, 0044071001 1111441401 ,10010410 041·

07140,01. 404310001,411 concii-ndum Poenond
0130044110 11 10111110 111 1111111014· 4 0011401.04,01.10111000011101,1440·

044000 0001011 instituta, 04, 01. 1031011111.
Ατ301100104010111,07,00. 00140100404114111101, retinet 04104
Α13101101111411011111οΡγ1101,01,7.1011·110040010001000011Τ411110101001,

01111101 1100001010 111314,οι, 00. Argi 8, 04.

produntur Philocli, 88, 00. 111314 111114004οο01,111111011111110οι1,(4104000

00111300 1141011401 11401111, 00. 100- 11 0001041010 4140110314, eique 01-’

1140411140 0100110110,10.11131 0110010114,0“4,0. 8.

1041 nrm 0111004 04, 00. 0131100- 111114111111111, 1100001111. 11014. 00. ’ ’

1001410 Nemea, 41. 1101014140140111- 01114041104, paim 10314 Antiochi

041441, 11111. 00410111, 00, 01
Argivi 01100101 411 40 Macedonum 11314 ,4110400141μο 0141110111 14114 1011111444,

01011104, 88, 88. 4001104 rx 00001110 1, 40.

Αοο4101010,11111.1111010001014101001 010411000110014441ομ0.

111101004 protom pronunciare 10· Arm· 141111 11010010 muru 04031144,

vm, Apollinem, Herculem, 88 Ar 10,4.

31411010 01101101,04,4011011 10131111040044, 40, 88. 8⁴, 01.
0131104010,1, 19. Arm· 00411001,Μ1141,1000110,041.00 “
01314014, caput 0404040101 11110 ex· m-u'tri 111414, 1401 subdita 1100014401

0111004011140010001,00,1. 1001111114, 40, 88 011. 04 8,1. 14
Α1110414100111100010011,00,10. 8⁰. 00, 00.· 41,10. ·
Ampium-87, 40. Arm· &munitium 0111141101 4010 04 41·
Λήιηὼω,6400410010101,07,01. 88, 311110 001444 0, 40. 10, 10.

00. 4001111110·100111111111414,0110100· 0101010044ήο0 ε’11101111,111,11. ·

4100110111 4011110 01414104, 07. 01 du· 0110441114·11111,3110111041411011101 30044

101144 11111144 imperantur, 1111. 11- 41 1401010100 certamen, 44, 4.

1010101100101011010001,1101ρί- 1111010οσ, Nabidis 1111114, 4040 currum

41111101 111 4011011101 1100100100,00.1110011041101Τ 0410411 1414440400.

0011031111011114010.11100110·Αωιω,10001,10,41

000001141100401110140,10. 1110111040110,1,11.

1011014,1,00. 8, 1404, 4404111011· 1111011110,1011411111144114, 10,.
00304401001,Ρο14001001101,0,14.01011104414111,07,37.

Aricini 11110004 111101001,11111. 4104 1011101, 1101101, 00,0.

114110 1014144401, 11014 00. 011100, 10. 00, 0. 10. 04, 0. 00, 10.
14001111 04 01101411 10 40101340 4310 Arpos 0101140100 re 11004011 pro·

0014404, 01 turpe populi 1100140110 0111414 01410101, 04, 40. 4331004010,

00 1011010111,0,71.70. 0110101101· 0401401ιο101 000101, 40. ee 47.

11444 1444, 0, 14. Αφί0440114010411111411114,0, 10. 1111444
Aries, 1101110010 oppugnandi· 1111110114 0111101040 1141010114311,00,00

41111,01,10.01,40.00,00.00,0.14111101,04,4704,40 “

· 111104110111401040101004111143001100, 00. Arpina· receptumrsrmniiibm, 8, 44
Ariminum, 81, 01. 04 ,44.01, 10. 8⁰. Arretium, 0101001411ρο0 11410114, 0,

40 1111000414 Ariminum 114111 001·07.00,0.110.00,46.01,01.1400·

111014Μ.Εο1111010001111,00,0.1111·14411111101111101,10,0.411 Arretio

10101 00010001011001111411141111104· 113411, 0401111 1101011οο 10 Romanis

401, 00 88. > 00410404, impetrant 10100144 41131044
Ariminenses 00 4011444111 11401 4110· 40001010, 07. Arretium obsidetur·

040141401041,07,10. (141114014001004,11,00.11114ῃ11“-
Αιὶοο4114001,1011Μο4011410014, Epit. 410111114110οοι1141111041001414111001·

70, 78. 1110140.1“1401101114,00, 8. · ’.
Α110114101,101(10101411010111,Ει114.1ο4. 1111041111,9,00.’010111411101111004100001;
1111140001, 11111401 0004101010, 00, 10. 411 01040 4110011040 1141011Ιί 00040·

1111111140 41 1100001 014410, 00,01. 00- 111 quiescunt, 87, 01. 0031104111 11410

1111441111 0010110010 colloquio 00111 0041104, 04.· 41131044 11111114 1104014111,

1131110101,04.10111110111111,01 144114001οι100411100141001, 00, 40..

 

