1·

HISTORIARUM LIBROS. 361

46,16. 00111161 1116160160, 17. 10- 66, 16. 06111 66161001 1110661, 16.

betur 1616616111 ugera, 16. 000661 01111164. 01660166, 6.

01661111, 46, 44. Μ. Μ610166, rex 06010160, 16011101,
Μ. 1101061106 6010013111 106. 00- 67, 6.

6166661. Μ61100110611, 116. Μ. Μ616161, 11100006 011111001 660011-
Μ616161016110, 46, 61. 110 10110016,1ι1611161101111 1110116
Marcius 01110111, 66, 66. 6001 110111,66,6.

11610106 661106, 66, 60. M. Μ6101116 116116, creatu 1110101, 66,
01610166, 1111101116 16166, 01601100 061-11.001111011111111111100661 61060601,

’ 61166, 66,16. 11611111 0600666010 1660011616116 066Μῄ016061ου

6161610, iud. 61101016 0106 161161- mittitur· 80111006000106, 60, 66

0101016111. Μ. 11616101 Semo, 11100001 110011,
c. Μο10166, 0101600006 00001110 61 46, 61.

6600 11001100, 6, 66. 6166 1006111ιο Numa Μο101116, 0161011. 1001101606·

01016 66111 0011011, 14111. 1010 ei 0610011006116111ωο100106,1,60.

cognonen 0011011100, 16161100 1.Μ6101061166,1616166,46,1.

011011 in 011οι011100 1016616160, 01 Q. 11616106 Tremulus 000161 0106101,

01100 660100116,6411611610,1616·
1161111, 10 Volsco· 0610101001 6011,
3610166 eju· 61 6011011601011161-
0001, 1011101117 1011010101 1101660-

6, 46. 6161 160 61111110 60616, 46.
1110011061, 1011. ei 6161116 6116061116
111 1010 6016 1661111101 emori· 101
0161610111.

11101 101110106161110110116 611· Q. 11610161 1011111116 0160161 1116101,

1616111 60106000, 10111. 16116 61 0001
1616110666, ibid. 6 166116 116106,111·
0011106 6110 11001600, 40. 0106 01011,
1014.

0116101111, 11100061 110016,11610 11-
611 016010, 11601 legatus 10 061·
106 0011110101 gentium 10106061,
11,1.

c. 11616106 11011106, 00116111,116110 Pri·
1610611001, 1111101061, 7, 16. 11161116
10 11000 11616101, 110116 Etruscis,
16660 101011, 61110 6061001016 10-
11001, triumphat, 7, 17. 600601
11010111, 61. 1110106 10 11606 660001,
66. tertium 0011601, 66. 11061160
600601, conjurationi· 1011116110ώο
6110 01611116111101161, 66. 0166.

c. 01010100, 11100006 110011, 0, 60.

C. Μ610106,60101 6166106, 10, 6.

0. Mucius 1111111116, 600001, 6, 66. 06-
111 Allifas 10 86010111οι1, 66. 101116-
ratur 10 prelio 01101 8600111006,
1611.111011111,01061111,10,0. 060001
10611110 000111, 47

C. 01010106 figulus, 6106106 116101,

61 6011116181611,601 611, 66. 000601,
66,11. 0101001161611116016161111104
6110 10 Β660060011000, 14. 1061 111101-
6110060 101166166 ιιι Ligure· 11106606
proficiscitur, 60. circumuenitur 6
Liguribus, 11111 60 6106 11010100 001-
106 01010106 6116116106,101·11.1016106
61 166 Mandonio 0166101100 11600-
100, 66, 46. 40, 6. 016. 166661ιί0
6110101001, 46. 1616106 10 01001601
0111111111, 46, 67. 6106 6011010100
10111 Pom, ιιι. mmmm,
1166111660 6106610 Peneo, 110101
0061106 110111,66. 0161011 61 1610111
016110,40.10161161101 11616611,ι16111·
1611016106 11010601, 46. 1611111107

4610116161, 11006110 101111·
1110160 61 1160 116016 1010111601

· 11011601 66610106 1011001 1606006101

1011100001, 47. 0011101 110160, 46,
16. 1111011 ιι 01661616,44,1. 01116
61 01111106 016110, 10111. comenditin
1160060600,11.11111111100 114111,
7. 000161100110,1016.01116111016

0011000001610660161116, 16 ,

46, 16. 10111161 01066001, 17. 11011011 0. 61016101, Μ61011 10111111 60011110Ι

10 01001610, 44, 1. 0001 010660 10

01161, 44, 6.

Mandonium 0001011111, 6106616· Q. Μο16101 110116101110111ᾱ1οιι16·

10610001 frum-oppugnat, 10.
1116016111,οω 1111106006,

1116611161,61,1ι.01, 11.

sapim 0111111610,οω11 ahmam.

0111 0001016,161611111111000 611111060016111611811116, 111 ιιιιι 110016,

66, 67 001161016606 0101 16106016

46, 61.

00611001 061110, 66. bimo? 660110 006· 01 0101011110 10006,001ι 11106111 6 10-
111101 06111, 66. 1001106 ei 0011010- 1111110,6,6.

116011 166611011616061110,1011.

Μ61601100, 0001116 0106 111110ιὶ6, 06-

60110000 16061111, 60 1101101060 111616001. 116100110,46,4.
00060101, unde 6101101661 0060- Mare Adriaticum, 6, 66. 11, 66. 40,
1061111 6011ιί, 66,6. 6116111000 61. 44, 61. 46,14.

1116111010 000016 0606161, 16. 61 -Ε1011111,611,41.44,66.
oppugnandum 0161110600 01111101, -1111010010, 40, 41

 

