414 INDEX IN T. LIVII

8111001, 000101 010101, 93, 49. 80001011οά000, 8001111 1118001, va .

0.81110001101010001101010111101,1,114. 1111101.
8110100010101,11011101101001,0011.75. socii 0111111, 91, 49. ex 1111111100 or·
811010, 0101, 99, 19. 11101,49, 97.

81110, 0111180111. 801 ruber 0111010001101,010. Proui· .

8111111111, 0108010001. sium.
8111101, vide 8011101. 80111 11110111, 37, 4.
81101111 10101, 39, 11, 8011 11110 000101101 1111110001 10 010011
8110011010 10001111 Regino 0001111111 AEmo, 40, 99.
0111001111, 97, 37. 80111011 Puni 10010 111 11100010 10111-
8110011010 10110000, 0001111010οι urbis, 101001, 1, u.
100 uberibus 1001, 10 lucum 1101111· - lude} 1Νο100, 1, 11.
nalem 001110, 10, 93. 8011, Cincin 0101, 00, 90. 07, 58.
8101011111 10001001, 99, l. 8011111111,11110111101, 01, 14.
81πο1101010 11110011110010110110 0011- 8011111000111100111001, 10, 40.
1001, delicatumque, 9, 44. 801000111019111 1101101044, 45.
8101οΙ101001 pugne terrestris 11 0111111 8010011 ugos 1 1110111 Romanorum 00-
11111001 1 Scipione, 99, 91. 10110111, 0, 31.
8100101111011,09, 15. 801001011011, 11, 19. 10 eun 10101110·
810001 01111, 00111181001111, 10, 91. nem 110100190111111, uid.
Sinope, 0101100001, 00, 10. 80101111101, dux Gallorum, 45, 04.
Sinopensium 0111111, 40, 9. 8011111100, 41, 06.
810111, 49, 51. 80111111011101011, 1, 19,
8101101, mio, 44, 40. Solstitiale 1001001, 05, 49.
8101101 11111101, 41, 51. 45, 99. 8010010οι Τ. Atinii, 9, 00. 0001111111,
81001111, 01111, u, 11. 0010011, 10,11. 91, 99.

99,14. Sopater 8011001110111101 0111101, 9430. 1

81001110 0010010 0100101 1101110, 97, 0101 011110 de 1101111οω0011 ’1110-
11. 10, 0. mini 0101, 11.
8100111100 tque, 99, 13. 8001111, 1101101110οὶ regio, 110001 qun·
81001 111τὶ111001, 10, 9. 1001011111111111001 1011011110 11011·
·- AEninnum, 91, 5. 011,110,96. eum 0001010 1 1101011111
.. Ambracius, 39, 14. 30, 4. 1101 restitui petunt 100111 11011001,
-00011111111, 01, 11. 11.
-- Corinthiacus, 96, 10. 99, 7. 30, 7. 8001111 Ατο1010,0111110101 (1111101111,
- Demetriacus, 911, 0. interficitur, 31, 90.
... 111111οῖςο1, 31, 47. 8000111, dux 111101, 010110 interficitur
.. (11111001, 10, 19. 00, 19. 34, 0. 0 1101011011, 49, 66.
.. 1110111001, 17, 00. 31, 4005, 37. 8000001100, 01101 8001111111, 11110 1111110-
38,11.1114. 01111, 30, 19. 1101 111 11011101ηο
-1110101101101, 37, 99. 011110, ibid. 0111111 Manium, M.
-Telmessieun, 37, 10. 11010001, 1101 0 1101101111 mim,
-Τ11110101101, 3, 94. 1110111 intrepide, 15.
81000100,οι111 01011100111101101101- 8011, 00010001,10011011 1111100011, 7,
11011,9,94. . 10. 1011100111110101001010 0010011,
8100οι001 0010011 civium 110011οο1001 1111111110 8101011111, 9, 93. 0011111110
(11110011, 34, 45. 39, 93. 1110010011. 94. 0101101, ibid. expug-
Sipylu·‚ 00, 10. 01, 11. 0110119100011101,10.1111011110.
8100110101111110101,31,46. ’ 801101 0011101110 00110010111111101111-
1111,00011100001010010001,41,1. 0010 1111111, 10, 1.
81111110111011110000,95,3.0111.1141,99. de 8011, quud 10111111 pecuniamque uo·
81110100, 0101, 07, 05, 0101001 1101111- 1010110101111,11011010001011010,90,
tem, 00, 09. 0011111101 10 Antiochi 15.
000111, uid. 0111. et 05, 49. 8011001 ager, 10, 14. e! 90.
80101001, 37, 16. 11011111 1 110110 110· 8010111111 111 01 1011110 cognati 1111 no·
01100, 54. donantur 1010, 33, 39. 1101, 6, 901111. 1197,84.
800ίὶ 110011001010,1101 111100 00111101- 801011010110111001, 1,911.
0110 11010000, 01001111 11111101 11011010 8011 10 1110110111 001110, 41, 99.
0111110011 sinuntur, 1, 03. 0, 4, Sortes 0011 0111001111, 91, 69. 11, 1.
800111 1100110010ιο 10 bullo Annibalis 0111. 11 Prodigium.
0001111 fidet, 0011 justo 11 1001111110 - 0110011 Pythici, 0, 10.
1111010101 11000110, 11, 13. -11011000110111,0,14.

 

