HISTORIARUM LIBROS. 1 841

1100510οςωιω,11,11.10,11. 10001100 (1015111508οω 00011001, 5,
85, 48. , 84.101000110101001,91,95.014.11
10500001011011010 000110 000 1011110 80, 18. 1111011101 invadunt, 5001 A.
1100010 11001, 8, 18. 10111010 Poeno, Placentiam, 81, 10.
Indis, 8, 17. 85, 89. 49, 59. circumveniunt Cn. Βο111010,01 00010
Indi 0011100 momenti 10111101, 9, 19. 0010151101101001110101111101101001,
1011111111,11010110101010101,99,91. 95, 89,7. 10. Cornelio 0001010110000
841101911010000111101111100010 tur, 80. 00100101051..1Ι11011,011110-
080101000 1100110,95,48115011011 00, 84, 45
Romnum, 97, 17. ejus 010110,14114. 01 1111010 ’1111011005 9,5.
000101011111011101111000101,111411·1000100010001011111110,88,55.
1101101,01,100011011100001011501,00101 Intemelii 11110110, 40, 41.
0001011110 00015180000151000010101, 1010100101,00100111101000010111, 9,98.
98, 94. 000100 0001101111, 81. rictu· 1101110 0 Samnitibus 10011110, 10, 85.
11111188. Mandonium 11111001 011801- 00001 0000011101 1101011111 mititem
pionem 1000111 mittit, 84. 0001010 0011101001, 97, 9. aliquanto 0101010ιο
ἱο1001101,11114. 00111110100001801010- 000101001 mox 1111 cogitur, 99, 15.
01100001101 0000101111 01401110000 Internum nger, 10, 89. ,
04 belluni, 99, 1. 0110 terre 01101110 intercalares 11110010, 48, 18. 45, 44.
10 pugno, 9. 1011101101101 11110010, 87, 89.

Indici 0100110οι 0000010 ex 010110, li· Interregnum antedictum, 1, 17.
born· 0101111ιο 11010, 9, 5. 11100 1010100001, 17 1499. 8, 8..4,7 48.
0111100100011111010110001001010, 1151. 5, 17. 1481. 5, 1. 5. 1185. 7,17.
01011. 1110.0,0.17.1110.9,7.10,1ι.

101101110110111010,01011001011011011111 99, 88. ·
0111110,99,88.114.1497,8.89,19. 10101101101011011010100101001οΠ00οὣ

101011001010100001110018100110111 0110, 1100101000 000011,5, 41. ’
11111,1,9.10110110001001 0100111189, 9. , ¹

Indigetes nii, 8,8. Intibili ,00011001, 98, 48. ,

Induere dareveieuubm 10 0001001 rn- Ιο001,11000110100111110001011,5
000,1, 15. 101001, 00011010, 44, 19. 14 18.

-iisdem 4010 10 0001100010 00001,1011 Thessalonicensis 0,10110100 Penei,
9, 54. 48, 58. 11111101 Pertei 1101111 0010110,

-1101010100111100 11010 1110101011ιο- 45, 5.

000, 5, 89. 10010988, 88.

- 0000155500 0101001000οο 110· Ionium 01010, 98, 88. 49, 48.
mmo. 110010, 00011010,1011010101)11111000,

10100, 00110 11011111, 88, 14. 89, 18.

1111001ωο1010 0101111101110010110,010· 100101, 0110100100 Getulorum, 98, 18.
01011111491011011101.1000110001101198.

101001,10011900101010010000100110000· 11110101, 85, 88. 0110100400 Antiochi,
001,00100,1101100101010 0101051001 fugit Cenaeum 11011100, 90.
10101,81, 19. vid. Prodigium. 11100110, 01110 ,0000110οΤ1100110001100,

1010010001ἰο10ωο11011001111001111010 1100111010110010011,88,15.
0000011001, 98, 90. 11100110000, 88, 15.

Inferum 10010111. 11010. 1010111100, 01100001 1100101001, 49, 88.

101010, 10110010 1000110010 95, 95 0448.

1000001, gem 11001001 bellun gerunt 1110,11110100101110,οΒ.0100011111101010,
0001 Βο001011101000101111,98,45. vid. 48, 11.
1480,19.000111010110010111)Ε1100, 10001,1010011101010111110101010101110-
000001,81,.911110001111011110.01011· 00001000510000111,041100001001100
din, 0000010 ,89,89. oppugnant 001111 00101110101000101, 8Ι,45.014. 1187,
1.. 1801111Ρο0111, 40, 95.10111100101,15. insimulant 110010 Gentium, 1110-
et 10 10111110οε01 veniunt, 97. et 98. riorum regen, 49 98. duodecim 1101
40110 111010011οῑ 1. 5101111111 Ρ1011111,1)01110010011 1001111110014811 110-
0101000111, 84. 0100100010,1114. 10001101001100010 45, 95.

1001001101001,111000111101000, patrimi 1100101 1001111,89,91. 101101000ον00,
omne· 0111101001,οᾶ sarificium nd· 48, 11. ,

11111111,87, 3. 10101 1101100, 40 91.
1110080011,οι11.111710111011, ludicrum, 8889101100 01οζ

tnui 1100100000. margin 0101050100011.

10015111,ῃο AEdwmn, 5, 84. Ιο1110101ἵο1ιο1111010110001011ψω.
Ζ

 

