438 INDEX IN Τ. L1v11

81. olm 4444 4111111111 Collinum, Voooiui, 10, 80.

80, 88. oid. 4140, 84. 14441111 4141, 10, 81. 4181.
Vmeruoumiueunomiigiocremmu, -111114, 10, 81.

11,1. 7414111,1,1.11,11. ,
8111111111111411111441114141 vaporum 111411 41111141 Cipo· 11

11111144441414,11444114411111411, iurum 1111114111, 41· ur 1141111 41114 ⁴

81, 48. 11144411, 414 Prodigium.

1441114111111111141444110411411141 114111,1,80.4188 114114414111131144
4111111111411188,18.11114111114 1414. 41 84, 87.
414111111,84.144.4187,8.80.4141.114114111114111 lectisternio ,88,10.

Venusini 11111114 4 0411141141 11114 4111 4441 11) 11441411441141111414
11411114411111111411141 414111111, 88, 14111111, 88,87. 11 mdiu 1411411111
84. 1111114111 fidi, 4111 11141111114 1111111111 111114 pirum 11114111 Ro-
44144141111141111187, 10. moni, 1414.

Ver 1141111 1114111, 88, 8. 41 10. 14 ex 114114 1414114111131114111114114, 88,
pontificum juuu 41141144 1141111, 11. 41 ,8.1111114411114144414,88,11.
11,441111111111,84,41. Venuli· 111144 sun-‚maternorum

Vm 111441114111, 40,8. 8. 414.

11411414411131144 1111114 Pompilio 141-
14,180.111111141411114411111111

14411141111111111111 sollemni 11441· 41411111, iiii. virginitate 41114114
11114 11114414, 1141411411111 Latina 1411111114 14141414414 1414.
14114,41,81.144114141 11111141 4441111411 pirorum

Voroeiiim, 411111 deiectionis 11111111- 11111111.. 81111114, et 0414 141-
rum, 1441111 percutitur, 88,87. 1411118, 40.

8414113411111,11118114111111,11111. 4411411111 hospitium 1 0411111114 14-
1011111114 uultum, 7, 80.

8411411114111, 4 111111 deicit 44 vomui· 11111 1111411114 141 4141111111,
11111111,1ο, 11. neu jubetur 1111111414 socio, 4111114

visuum 1411111 11 1114114114 4411111 4 141114 potius, quum 14114,4, 44.
0411114111114, 84, 81. vertolio 11131, inmoti 4111114111, 1111

1114111111111144111411111104111411, defoditur, 8, 18. 88, 87.
1414111411,84,81. Vergunni 141- 174414111, 41111 custodio 4111111114
diti, 4114. 114111, 1111311411 voute 41111 ex·

vergiliarum 11111, 81, 88. 11114111,11111 pontificio 1444 414

vurmius, 8111181111111,80,40.11111· 44111,88,11.41,8.

1114414111 1141111141, 4111114111 vati· 01111, 411411114 mulier, 114
iugum 141111, 88, 88. 01181411114141· 111114144411141114111114111441111-
1111 141184111111,88,88. 4111 exer· 111141111111111411,1111111414111411
uitus 1441111411131111,1414 81111 bonorum libertatemque 1411111111,
141114411111114111111141411- 88, 884184.

oni appelletur, 81, 11. 1434114 141111- thimontu 14 exercituo 111414, 88, 87.
uio 1111141 progreditur, 41 ub 111 lo· 44, 18.

341 14414 4441111, 18. 14 1111111111- 111441111411111141111111444111441111
441 141411 jubetur 1414111 11111441 1111141111111.

mittem, 1814 Vectem mutuo 4114111414141111111-

811111 equinoctia, 99,9. pinqui, 8, 41. 8, 80.

114100140411Ε111. 1041441144 11141114 pretioue 41 Aa· 110-

Verouu, 1111118, 88. 1111111114,11, 8.

11411111,1111111,4,11481111,11, 14411111 1111111, 44, 40.
presidium 1441111114411111111,88.8411111111111114111111131114841111111-
Verruginem prasidio 1111111410. 111- 11111,888.114 11411111 indictum, 1414.
1111111,11111111111111111,8,88.1111111111 uuo 111111, iiii. 111 iio

Venus Faornuiuuo, 7,8. 1111111 ictum, 10, 8.

1441111111, populor 11411114 341111,8,Ἶ4111111, 11111, 8,8.

4114341 uum, 11411 civitatem 111- Veterani 41141111 13111,81,4.
11111,1141111,41.νε1414 4111118118.
1411111,14111,1,18.10,88.11,48 7411111 tribunorum inmommfium,

4414484, oppidum 11114114, 111111- 8, 88.
1111814.11111111111111114,18,18.041111,141411414441144841114111,18,10.

1444111, urbo 8141111, 8, 11. 8, 88. vanuumurcofioluui,proficioeimriu
11811111114114141111144101111,1444. 111ωΜ1111411411ω,1,40.

 

