‘ ⁶ 1111.

HISTORIARUM LIBROS. 661

· 66111 16 1661616161 16161, 60. 6166. 0116116116116 6661111, 41, 66.

11, 1.

06. 1111111161 666116166111,41, 6.

01111 ’111161161ιὶ 1161111 1611161116161 1 1.. 1111111161, 11111.
166111166ωωὶ1666111116661,61,60. 0161616616661610111661166016616616-

111 Δ6610116 6111161 doni· 6666111111,

regom, ιι, 16.

6111111 ri vieti, 16. ιι. ιι 16-11. 016161ι6ι, portu· 11611 insule, er,

16 06661116 111611161ιί, 66, 66.

40.

expelluntur ⁸ Rom⁸ni⁸, 64. 1611ιί661 016161, 66111 16 01661611, 7, 66.
16661 11 16 611116 111 ’111611161661 66- 0661ιί1 6111161611 61166161661 16111161

661616661611616166666161,1·6111.6166.

lecti, 1, 60.

Dereoeegueieceeoeieeaeeermoeuu. 1..066111161,111611111111611111611661111111

6111. (1161161 06111.

661111116, 6, 61.

0111611161 611661 16 Hercyniae 111161 Μ.(116111161,11166661 1111111116 66616-

mim, 6, 64

1111 661611116, 6, 46.

0111616616 111-1116 1116ιί161, 66, 16. Μ. 06616161 1116611661, 666161, 161111

011166η6161666161,17.611. 01116-

01116166 1111111661 1 Peneo per 11111·
11161 11111ιί11616, 44, 67.

011111 6166611 6616611, 61661116 etru-
111116 661116, 66, 17. 6616611 161616·
116111ιί161 1166111 11666 161161, 10,
66. humori 61 163611 11111611, 6, 46.
6616611 111 6116161 161361611ςὶ1,
611161 61161, 6, 46. 1161161 111 11116111
longeque 111 161111, 66, 6. 161616

, 661111· 61 fluide 6616611, 6111111116 pe·
1166111ιὶ111, deoederepugno 6661664,

661116661 1116666166,111161161 66-
barem juventutem ιιιιι, 6, ce. ιι
61611661 666161, 4, 6. 1761166661·
116116 6611666161,661111611616,9. 116·
611 1611661, 61 1661611116 6111111, 10.
666666116ιά66 ree, 11111. 16111116 61-
bem 1116661161, 11111. tertium 666·
161, 17. 666161 ,616611111111161 611611-
6161661666 1111116, 66. 1111661-

‘ 61111661,661616111616611161161, 66111-

66611611616 6116661,16111 11161 61 161
mensium redegerat 16111616, 61661 ig·
1161111611 1111611,64.611. 616, 66. 6164.

47. 611611 6616111 6161111 6161, qum 11666161 06316161 Macerino, conoul,

11161611,66111661616111,66116 1611ιὶ·
611661, 10, 66. »

«1, l!-

1.(16116161, 666161, 6, 64.

01111, 1661 6111111 11661 1611161161, 6, St. 0611161, 616. 6111161.
·’67.6166.611.6166, 17» 11160661- 061116166611161, 6111. Ες611161.
qmmnegligensreligionum, 6,46. 1611 1.. 0611161,6611161,Ε611.06.

1116111161, 61, 60.
111111 16 6666111611 1161661 11111111, 11111.
-16661 ambiam pugmnt 66111,
16166611.
-61 61111 66111616 6666111161661,

01116166 16161, 66, 66.

611611611111111116, .., ..

011116 661616161116661, 66, 64.

0111166111 161661 occultari 161111661,
611616116116. Μ161161, 6, 14.

01111661 1611, 661 0111616111 Senonum
166111, 1111116 666616 6111161, 66, 14.
&aar

(11111661 11661, 6111. 816111.

edum multae, 1, 611 ιι.

0166111611, 17, 1. 61, 11.

0111666611 6111611 161611 011.Μ161161 Cn. 06666161 plebeiae, 11166661 111111 ’

Gelo, 1116161111 11Ιί61, denormare·

66, 60. more eJue 11166 opportune, 61
petrem quoque 1616161661 aspergo,
16111. 6111666111 1116161, 16 66116 111111-
tuque 6161161111, 64, 6.

· 0611116161 Μ61161, prefectu· 6611111161

’1616611116166161116111 Τ. Μ16116
singulare 6111111166, 6, 7,11611161, et
interficitur, iord.

omioneoquinque 6110161661116616116,

61,66.

06661, 6161, 61, 66. 61611611Μ16666,

1161161111 6116, 66, 46. ⁸b 16 (111611,
116016611611116161611,60, 1.

0066661116161616116611666161661611

οιιιιιι, 16, 6.

66. 06661161,11161661 611116, 66611

1666661161, 6, 64.

666161, 66,]6. 16. 6417 1161 111111 166666161111661611116,6,16.1161661

gem, 16-67. 6111116111, 67. 6140.
·61· 111 1116661161, 69,6.
01116ς16616661161, 67, 40.

11166661 61111611, 16. 616661111616
Ἑᾱιίιέὶιᾰιιιι 11661 16161 primum

0166661161, 6161661611)1616661,6161111 Cn. 06666161,666161, 7,11. ’ ·..
1111166661666 66611166, 61 16. 1. Genucius, ex 616116 11661111, 7,1.

0111611161,61,.16

1666611611 666161, 4. 16111161 111161-

0111161111,11616611’111166ί,16 eo 6661· 661616166161,ιιι11111166111,6111·

16611, 11.

1611611111, ebro

 

