HISTORIARUM LIBROS. 366 ,

41 qun} 7, 3. 641 quirinum 611- 6614144 Pion, 6111161, 33, 41. 114 441-
nnn 14411 nb 41111144 curulibus, 14, 46114, 1116416141 L. 1611414144 Albi-
43.64ς411444664141466414411,31,4. 444, 41, 3. 41 11.
indi 11441114, 33, 41. 16461116646114446411144416444603.
14161464611441414161661111, 44144, 6, 14411414 4114, 36, 3.
1. Ludi 41 edilibus 44 144141411614 14416146 66611414, 41,-1ο.
644664161113131416146444444 14111614, 6166141 Capitolium 6461414,
4641661664, 36,1. 17, 36. 19, 38. 41 61414414 6611441414, nundi reiigio-
· in 14114 4411416114 1644 4461414 4 66- 4441 441, 3, 13.
6616, 34, 64. 14161641 446164, gn· 144114 44114, 1, 44. 3,3. 4114. 13, 9,
m non nodo 1161444 sociis 1466 eui. eme. 41141. 44, o. 4116.
6661464414114661611441144416414, 41,1. 41, 13. «
timuerim ⁴⁰, 44. suntuna 14 1441411114,64116146 1416144, 39, 16.
Ludo· vix 1614141114 6611144114 reni· C. 14141144, triumvir 46164114 14146411-
imit, 7, 1· dn, 4116114 comprehenditur, 11 , 16.
nnn 61141461 14 1444114 6444414 1611, 6641 sextum 1441646 annum 44111-
31, 1. 1414 41161161484111116, 4644614, 33,
laudi, 1614444 4444144 voti, non 144114 13.
414 64111166, 36, 36. pontificu nn· 0614141144 Cano, 41, 3. .
gunt 6411111114 41 religionem, 644414 Q. 16141144 Cerco, 46 4644414, 64111414
141111ῃ41ἳαιζῗ1ι1ἓ411 (w ἐωξὶ, inundo 611· LugiinllioffiriiiilelcniffibffierciiuAii.
41461 66144411 464414141161.> 13, 47. 41166, 39, 6. vid. 41 34, 4. Romo
14116444 ex 11116114 464111, 7, 1. 46644141 4 censoribus, 39, 44.
111116446661111141146114614644146444- 16446614, 37, 64. 1644161 Eumeni, 33,
16666461664411114464114133,6. 33. ,.
Ludi 1114141416 in 14141614 141616, 3, Lym Atheni· 1664146411111666,
44.411464411144441116111641144,6,16. 31, 14.
133316664146114441114 46414 4114414 tymni-u, 1, 6.
ciui 46141, 36, 1. Lycii, 33, 41. 37,16.
nuno 44116414 61411414 4 C. Sulpicio 16414 64641, Ρ41414, ibid.
’641161111646 miiitum, 44, 37. ¹ Lycii 1641 1664116114 4116114414, 37, 13.
14441 44144 14 Aventino, 43, 1. 4111111411 Rhodiis, 33, 39. queruntur
14644,4114,33,11. 43, 11. 14 41414111414 1116116166, 41, 10.
14441 661144,34, 3. 39, 11. 4131. 44446161141164111161114,3ο.56146.
11313436491461114666414411611311111, 1414114111411,,44,11.
34, 66. Lychnidus, oppidum, 44611111, 117, 31.
1644464641 1144116166 14 4416 mn· 411. eus, 9. 164111.
116141ιί4, 46, 13. &damnabant 61416641, 34, 46,
{nummio 4111466 614141, 93.
41 114644 664164 liubit, 1, 4. 416414- 14416 4111644, 6161441414 morum 41

,414 1414411411, 6641116146 41114, 441 1661611141 16 Penei 14114114, 41, 61. ·

1114111144 nup· 644114, 10, 98. Lyoortu 1143416661141144, 61144464 lov

uma, 1, 4. 661641441146416 411166466633, “

inveni, 1611. 116. 31. 614161 Achiuorum, indicit nonci-
166 6 6664 risui ,66164 vagia. 116, 46, 44. eju, 4416416646
1461441, 41414111, 11, 31411. 116 614116, 36,
dign. 1146, nris, 161141.
14461 141141 in oppugnante 41146 ’111- hymni 4144111114611641446664416,
1441113, 3. κ 616446666114444466111,46
14661414 4164144144, 11, 1. 1644141, 33, 34. 39, 33. 4131.
Ἢῖ» regnu unpni· 4341014 iim. 16466 1461466466,
1 · 1 ·
14416614, 11, 44. wo. 16114414 1164 14 3444414614, 44, 4.
11164144, 31, 43, Lydi· 164414111414441, 33, 33· ·
muni 1144411141 4 Ι. 06144116 841- 16664414, 666611, 46, 33.
61644,4ι4141441441411111111144,31, 1. Lyncus, oppidum, 16, 11. 31, 33.
444441 Rom 41, 46. 66444141 1641644114, urbs, 4144. 4411. aq,
418611636116,6444644444116 33. 31, 36. 1111611111 41 1444411161 1
44641441661114416416146,37, 67. 1114416446, 33. cantantum cn.
4144414111144111111116Ι 61411614,33, 611141164144,4111.418414646 1116
11. 44 64614414 1414664413. 641 66161666664661414161,

 

