HISTORIARUM LIBROS. 111

88811888,84,80. 88818118188818818181881888, 1.
88818 tt Τ118818188,118118818 11181881- 888181881 1188118 188181 Annibal, 88, 8.
· m, 181118 oquin 8818811888 eonten- 118881118υῶ1184,111.41,48.’

dunt, 84, 81. 888 8118881181181118. 8118181881 8 1188888181881811, 81, 10.
1818118, 11. 88818 ansuinum· 88818 881188 uvi Mrio 8 11888818

1811888 tymni, mittitur 8118188118 1818,1, to. 1881818118 Feretrii, 818-

811 111181881818,8881881118 81818 Bt· 8818881118818,888.68188118 088·

η811,88,11. 8818881188,4,111.1181.8)1818818,
8881818881 18181181,881888888 118188118 8881 butun 81 Gonu· 181118 81

118111, 18, 81. et 8ο. 8818 881888 88- 81111118, 80, 16.

188 premit 111 1118188118 Momm, 888118 8188881118, 1, 7.

81, &summumst 8881888888118881188118818,1,81.81

8818888988 juger· 18 8818881888· 88. 87, 48.

m, 81181. Spolia 8881188 valan· 1188818, 1,
Sositheus mmmmm 11111881, 88, 87.

88. -m 1181111881-,188881
8888118 18118,88’11.1888. 118111,81888881188,48,”88.818“.818,1. ⁸

88111888, 8111818181 88 regiis 8181888111 -1881111818111818, lo, 811.

Epirensis 888118, 8, 14. 888118 181818 hostium 18818111 panici.
spadones, 1888118, 88, 18. busque 111188188188818 1811111, n,
888118, 8111. 1888188188. 8888888181 87.18,14.

881888 8 Τ. 0118118, 84, 8-48. 8881181818 8111818818,888111188818’81ι
888118888811888181 88818, 84, 8888, genti 18818, Delphos mittuntur, 88,

87, 1818881 8111181881 11181881,84, 48. 8111. Prude-

18. 88811818811111811, 88, 84,· 88888188881811188881881881,8,48.
88811888 1188181188 1818 81 18811118, 88, 8888818818118118118888811188118188, 8, 8.

17. 81118818 afim 1118818 881111, 81888-
88811181 1818 1188118881 8888, 88, 88. 1881 118818, 811. Prodigium.
888118888, 11811818 8881181, 11811. 88. 811188 1118811188, 188 Smitimm.

1888 cum 1811118118 mugiat· 81811181 enm 8881888 811 8888811188 1181888818

811. 018888, 87. rapiunt, 11181
888188,8ς18818181818,84,18. 81888 81111118 8818811888 8811888 188888
spuunt* 8181 1181888 equitesque 18- 8111881888181818 888888, 84, 18.

ciunt, 8118 1881181188 881888 1811 tp- 818181188 811188, 8, 18.

88118888181,1,88. 818118818,81ἅο88188.

8888111181 8888181181 utn'que 8888811 8181181188 aget, 41, 7.

1188111, 8, 8. 818118118181 18118188 1188881888 118188-
8888818111 11888 888818, 18, 8. 818, manuducatum 8118
888881818111881188, 118818188181188888, 888818188888811811881, 8. 88188181

8888181888811188 1118118888, 88, 88. 1181818811.118811118,81.1181181888·
· -88881111111818 88888188, 48, 7. 11811111. 18 88188818118188888188-
8888818181,888188881818818118111818188 8888811818, 88.

8 8888818, 81888181 Athena, 81,14. 1181188 1118111188, 8111. 11811118.
888881818118, 9, 18. mun 1811818818188 11811118Βηὶ118,
8888818818 8118181111, aequ 8 mo· 14, aa.

11111118 1181888818, 18888181 8 Scipione 8181188 Trebius 881118818118 tudinum

118818 818818,8ο,811. diminuam 0881888181188111811, 88, 1.

88181888,18111. statim (1811188, 1818818181 sunnin,
8888881818188818888,811.1181888. 88181888811118818811,8,18.
8881 1818811118,8, 81. 44, 47. 18181181, 81ῗὶ881181188, 888188188818811110881·
mmmmm. τ.811118ζ111818,1888,11ω1181
8881 8188181811881118811. Prodigium. Sp. 81111118, 8,811.

88818111, 81888 11811818 18888, 48, 88. 8181811881181, 811. 1881181.
1111811111188111 112111188111111188
. 1 9

8818, lo, 1. 14,48.81118188181818118811181 8811·
Spera-hie, 88, 18. , scribit, 81 81 m 118888888181-
8881811118, 8811118, 88, 11. 87, 4. 1111181 8118818811, aid. 11181811, 88.
88188 maenuba· 11818 menn, 8111. statu· ,1888118118 111888 888118,1,81.

maun. -11811881111111111181881181118188818,
Spinther, 811. 1¹. camdus tanum ι 88, 111.

 

