7817818188 111101 711

811188771188871188βὴ111781- 1888111117178711818 due 1111171, 88,
8777 1111711117,111·11.18.

C. 8118181 1111787, 17188881 717817, 88, 8117181, Eumenia 171177, 71887111 tem·
88. 7188. 71777187, 48. 187111871878- 1811181117118817881777771181171171-
aimonem [177777187848. · ροη1881711171117,88,88. 7718117181·

8.Α811111..117,117111.11,11111-
11187 8111111111,17,.

M. 11111187711117117717887181, 81,·18.

11. Atinius, 7777177187 socium, 8771111187
1118117, 84, 47.

11710.11111111,71711117781871118811,71
11818888...817,11 17717711.
88187,18.

’11. 1118111 1711181878, 8, 88.

1111111111, 17 18. 11, 11. 41,.18.

1.. 181187, 1718811711 primu· 1778871817·

81111 11187111111117717788 1181177117,
87, 48. 17771711 eum ι 8871871811-

bellum 6111178111, 88, 18. 77177181,
quun 81788111 8787877111 11118781 ent.
7777111 Eumenem mortuum, 48,· 18.
181181 17 socium prebet 1171811811 11
beno 78777111 1177178, 48, 88. 88. 88,
7144, 18. 11781181 77111148181
8171117 medico pmdenter 1718888187,
ibid-haredum pop. 11881. relinquit,
7171117187 1717 11.
Ι81171811,1178718718717881,1717711181 1111111711111171111111171111..
11711· 111 Cotyis, Odrysarum 77717, 11111871, Turdetanorum 77711111, 171811

1187 788181, 171 capessendum 187881 ’

81174787.
8118111181, 7111. Sempronius.

1878188811111117181881, 88, 11.

1817181717181, 11.·1111111111,

Δ1717,11ῃ171871,7118718177817 1111111118 ibid marmoris 77711, et 81778111 17-

Ῑ.171111,7111171711171117811811, 88, 18.

11117811 eximie 778111, 81, 81.

qui 771817711181811, 17. 71 18. vid. Atys, 771 Albe, 1, 8.

1117. 1. 11, ιο. 1111.
17111711,11,11.

Amicum, 11781, 117111. 107. .
1111718771 11111771 fierent, 117 denum

81718111 1187711111, 88,· 7. 77111187, 71 711881 7711171, quod 71878181 (11111-

1817111111117, 84, 44. 18 7111881171881

711181, 1, 1711111. Senatus

7781878111, 48, 18. 7187148, 18. Auctoritas tenutas, vid. 8781181.
-.. 1111718818 lautumiis, 88, 44. Audeat, 11111117, 41, 88.
- 7881178117 18 1317118118, 84, 18. 8777111881, rex 1111111,111711117 18187, 1, 8.
·- 77711811, 1871717118 7181881811, 88, Aventinus, 81881, 1, 8. 8781 1717111111, 81

87. 7717711181,87, 11.
-81811118 hominm, 44.

(1817181 Umber, 1781118811 8887878711

7711117871, 177871 parcutitur, 88, 84.
1111 79111711. aa 1171118..

(1118117111ιὶ1, 88. 771181 8771878118-
78 pleb· 111 Aventino 17817, 8, 88.
eum insedit 7177711711 1178118111, 77·
1171117711711, 8, 80 18 78 titum
77778111 11717111 7177117181 11117888,

Δ111181,777 181117, 88, 84. 1117111111 ve· 117778111781, 84, 18.
11,811,87 80 71181818887188. capit 8711 1171781117,41, 17.
718171711078811771171 878781, 887 1711111111,1,1.
7877181187 177117 1811111778, 11111. 11777 non 7171171811 Fabio 1817111811,

81811111 77887 1171111111 18 1111111 171·

87, 16.

117187. 1178111171 1171181 1171117188- 1871881 mittentibus, 11711818 718711·
tem deducit, 1177887117 111 lapidem 7111881,4,18.7111. Auspicium.

1717111,88, 11. 11881811171777181187 1111871781 71717111, 10, 18. ⁴
17111771, eum Philippo inito, 18. 777111 cp. 11818181, 17188881 7117811, 7778111

Piraeum 7811871888 cun 1111811178ιί-

1181 1871711111718111,81,14.17117781-

ῗ,1.837711881,ρ7818778,787177181717,
8 1

. 187 poputum 1771718, 11. 1178777171 181111,11111.,11,11.

111 8111781ουὶ881 71177111,111’11. 7818 1111717181,817817187871788187181111“71.
nom 0171111 777171187171711, 1111171ιί78771,89,1.

48.7ηηπ111117818811,1“1111.718117- Α7μ7781111111117817171187111,118.,
nti 11818111811881,11871711871711 88781771Ν881181111811,1717181117811

7111171 111 8711117111, 88, 8. comm
1177117 148 7181811 (1171117117 711-
1188141 78711, 87. 811111 7108111111

mmmmm-mae, 11

71411. 187787111811778187118 71717881

78111117187117787817787181888.

legium 7111118811, 4, 4. de 7711718717,
que 8711111187 8171118711 7771111178,
78118188178,81. 7111711711 8711117711
7117777888771111,888.177118111718.

877,10,8.1ι8171787717 711787 me,
1⁰, 9. 7717881171881881,88,18.

87188818771181μιοιί18717787 887881ω71781171177,1,18. , ,
11717711. primum-immun 18788888717118711817, 10148.

113

 

