100 1110111111 1. 11111

011111111101010111, 1111111101- Castrum 0111111, 09 90.
min, 09, ·.16 ei 17.1111111111111 -011111,10111111113ιί1 codem
11111111 1011ρί1, 00,94. Amnum, 94, 41.

01111111, 1101 1111311111 agro 01111· 0111110, 1101 1100101001. 11 111-
111111,19,7.01111,1110111111011111011111, defi·

οηι11011111111101111ς11 111111111, cit 10 Romanos, 94, 41. 11011 10

01,40.09,16. Panem 1001111111, 90, 101111 ,

01111111110111110111011, 06, 97. deditione recipit Scipio, 90.
01111011, 111011111Ρο1111111111011111111 Castulonensi· 111111, 99, 90. 96, 90.
111 1111011111, veneno 11101111 111 11 97, 90.
11011111, 00, 04. 011111, 97 0.
0111111111,11111,1’11111111101111110 0111111111111011111,00,40. 07, 40.
1310011101099,10.110011110011010 0111111111,91,11. mima 1111110111
01111111,11,11.11101111,1111101- 101111, 96, 47.
01111111101111111,94,10. 010110101111111111,10,11
01111111 igit, 99, 10. 96,0. 01111111, vid. 0111111.
in 01111111 (11111111 0111111011 11111, 0. 01111101, 11111. 100.
99,10. 1..01111111,11,111.109.

0111111111, 0010111, 0, 90. Q· 011111,1101111 piebis, 97, 6. inguim
0111111011,111,4411. 11110ιὶ110111111,40. 10 001111 ex
0111111111,1101,11,1.11,11.11, ,1101110οω11)ῴοοω

90.44,90.40,1010101111011111· 1111011001, 40.

0111111114, 11111111111110101· 01111111101111111111ς111141,

panitur 1 1101111111010. 1101111·οω,1111110111110110

111, 19. cimina, 1101111111.
0111110111111,44,11 01101111,0,9.14,10..1197. ,
0110101111, 011 01110111, cidit 11 0110111 Furem, 1111110111 descriptio,

,11111011 11, 1,1.
00111111,(1101111111011111,44,01. 0110101 111 11111 non 1110111, 1εο per
0. 0111111 Longinus, 11111101, 41, 96. sponsionem, 0, (1.1]11110110111 111

011111111110011011110, 49, 4. σοι’· 1111111101010111, 10.

111, 90. sortitur 11111111, 09. Gui- 0110101 8111111111, 90, 41. 0111011111,
, llum 11111111 1111101001111111111· 94, 90.

lyricum ducere 1111111111 11110 in· 01111 ferreo 11 circo, 11111111 intro·

11110 conum-⁴8, 1. 01 eiu· 11101- mitterentur (111, 41 , 01.

111111 1111111111 (11111, 7. Caviorum 11114000.
0. 0111111 101110111111101 pretor, 01111111, amitinae, 10.

41, 14. 101111111111101111011111 urb·- 01110111 urba, nppugmtur, 97, 19.

1111,16. 10111111 obsidio, 110101111111011-
81.0111111, 101111, Pometiam 111111, 11111111, 10.

9, 17. triumphat, 11111. magister 01111111 1110111110 1111111110ὼὶ,

111111111111111,10.1011111111111, 46,10.

00001111111111111111111111011·0111111110111111,00,90.01111111111

1111 promulgat, 41. 11ῃί crimine 1011100111 40, 96 rediguntur ιι of
· 011111111,1111111,1010011111,1“01’1.
0110100111111111,111“111011,1110 011111,1101111Η11111111,40, 00

haimonini, 04, 97. 011111111 11111111,6,6.
0111111111, 1111 domini 1111111οι111, 011111,1101,101Μ111011111111101
89145 “ (ει oriuntur, 00, 1001010111 11011

0111011 1101110119, 90. 01011111 101- Phrygia, 10101110111011111111· .

011 Quintilibus, 401111. 110,11. 011111,1’01’0.

0, 40 ’ , 01111110,,1011ιο,11010011110111ιί1,
0111110111011111011111111, 00,0. 09, 99.
-Ρ11111,01111“111111011111111, 1010. Celeres 1111111101 101111001111 eorporis
-1171101,111111111011111011111111, 1110111100111111, 1,10. 10111111·

wionem 1111101111 1101111 mcum 111111 L. Brutus, 00.

0101111,οῦ, 14 01111111),011110111,1ιρ11111110111·
-0111011111,10111, 90, 01. 1111, 01, 40. 1111 11111, im
- Pyrrhi, 10111, 09, 10. 00, 97. cina Fortis 10111111, 97, 1¹·
-Telmiuium‚³7‚ 16. · -10111, 1, 10. 01,11.11, 14. .
(mmm 101101, 40, 97. . -011111111, 6, 90.

. -111111,11.’ , eelim unm ,1011111111 negant 111·
01111111 01110111,ομ 9. 00, 47. plius, quam uni 1110,1111 01010111,
-Νοιιιι,1010111,06,0. 97,90.

 

